ZA 24 SAMSON Blé 
[-624024409;25846] [-1511903286;-2076028908] [0;-275] [25;-208] 
ZA 101 ROUGE Tabac 
[-624024409;25846] [-1511903286;-2076028908] [-60;115] [0;50] 
ZA 111 REVIEUX Blé 
[-624023991;25846] [-1511903286;-2076028908] [-69;115] 
ZA 121 AMPLOI Blé 
[-624024409;25846] [-1511903286;-2076028908] [102;194] [55;100] [111;50] 
ZA 134 MANAC'H Tournesol 
[-624024409;25846] [-1511903286;-2076028908] [150;-5] [104;-5] [104;-100] 
ZA 152 AMPLOI Maïs 
[-623970006;25846] [-1511903286;-2076028908] [55;100] [30;50] [50;20] [50;5] 
ZA 153 LEPOT Froment 
[-623970006;25846] [-1511903286;-2076028908] [-10;-47] [96;-94] [96;-5] [50;-5] 
ZA 187 AMPLOI Pré 
[-624024409;25846] [-1511903286;-2076028908] [200;257] [152;178] 
ZA 211 REVIEUX Tournesol 
[-624024409;25846] [-1511903286;-2076028908] [50;203] [50;282] 
ZA 239 LEPOT Maïs 
[-624023991;25846] [-1511903286;-2076028908] [56;-150] 
ZA 261 LEPOT Maïs 
[-624024409;25846] [-1511903286;-2076028908] [-135;75] [-229;23] 
ZA 277 DUPUIS Tournesol 
[-624023991;25846] [-1511903286;-2076028908] [0;196] 
ZA 287 MANAC'H Maïs 
[-624024409;25846] [-1511903286;-2076028908] [-53;300] [-100;287] 
ZA 298 DUPUIS Tabac 
[-624024409;25846] [-1511903286;-2076028908] [-100;-15] [-88;-80] 
ZA 300 REVIEUX Froment 
[-624024409;25846] [-1511903286;-2076028908] [-146;-25] [-145;-100] 
ZA 302 ROUGE Pré 
[-624024409;25846] [-1511903286;-2076028908] [-207;-100] [-200;-146] 
ZA 303 MANAC'H Froment 
[-624024409;25846] [-1511903286;-2076028908] [-263;-100] [-250;-146] 
ZA 305 MANAC'H Tabac 
[-624023991;25846] [-1511903286;-2076028908] [-217;257] 
ZA 314 REVIEUX Froment 
[-624024409;25846] [-1511903286;-2076028908] [-47;153] [-121;196] [-197;132] 
ZA 317 MANAC'H Pré 
[-624024409;25846] [-1511903286;-2076028908] [-220;-39] [-207;-100] 
ZA 320 MANAC'H Maïs 
[-624024409;25846] [-1511903286;-2076028908] [-263;-100] [-207;-100] 
ZA 328 MANAC'H Blé 
[-624024409;25846] [-1511903286;-2076028908] [-12;-56] [-44;-147] 
ZA 333 DUPUIS Tournesol 
[-624024409;25846] [-1511903286;-2076028908] [153;169] [134;100] 
ZA 341 SAMSON Tabac 
[-624024409;25846] [-1511903286;-2076028908] [-300;47] [-277;-40] [-220;-31] 
ZA 342 AMPLOI Blé 
[-624024409;25846] [-1511903286;-2076028908] [-135;75] [-197;132] 
ZA 344 ROUGE Vigne 
[-624023991;25846] [-1511903286;-2076028908] [-300;53] 
ZA 345 DUPUIS Vigne 
[-624024409;25846] [-1511903286;-2076028908] [-127;199] [-226;255] [-250;250] 
ZA 388 SAMSON Tournesol 
[-624024409;25846] [-1511903286;-2076028908] [96;203] [132;269] 
ZA 424 SAMSON Blé 
[-624024409;25846] [-1511903286;-2076028908] [-88;-80] [-145;-100] [-145;-145] 
ZA 442 AMPLOI Maïs 
[-624024409;25846] [-1511903286;-2076028908] [175;50] [134;100] [119;50] 
ZA 443 DUPUIS Blé 
[-624024409;25846] [-1511903286;-2076028908] [-200;-154] [-250;-154] [-150;-200] 
ZA 444 AMPLOI Maïs 
[-624024409;25846] [-1511903286;-2076028908] [-100;-154] [-150;-200] 
ZA 491 REVIEUX Blé 
[-624023991;25846] [-1511903286;-2076028908] [-18;-50] 
ZA 501 PAUL Pré 
[-624024409;25846] [-1511903286;-2076028908] [50;-300] [113;-277] 
ZA 512 PAUL Maïs 
[-624024409;25846] [-1511903286;-2076028908] [150;-261] [150;-200] [64;-150] 
ZA 545 PAUL Maïs 
[-623970006;25846] [-1511903286;-2076028908] [50;196] [0;196] [-41;158] [0;134] 
ZA 655 LEPOT Blé 
[-624024409;25846] [-1511903286;-2076028908] [104;-100] [64;-150] 
ZA 766 REVIEUX Blé 
[-624024409;25846] [-1511903286;-2076028908] [0;50] [-60;115] 
ZA 768 ROUGE Blé 
[-624024409;25846] [-1511903286;-2076028908] [104;203] [152;178] 
ZA 811 ROUGE Maïs 
[-624024409;25846] [-1511903286;-2076028908] [-100;0] [-50;50] [-105;50] 
ZA 872 SAMSON Tournesol 
[-624024409;25846] [-1511903286;-2076028908] [0;50] [20;50] 
ZAU 5 ROUGE 50 
[-624024409;25846] [-1511903286;-2076028908] [0;50] [-50;50] [-100;0] 
ZU 1 DUPUIS 30 170 
[-624023991;25846] [-1511903286;-2076028908] [-6;-5] 
ZU 2 LEPOT 15 200 
[-624024409;25846] [-1511903286;-2076028908] [0;-47] [50;-30] [50;-5] 
ZU 3 AMPLOI 20 90 
[-624024409;25846] [-1511903286;-2076028908] [50;20] [30;50] 
ZU 4 ROUGE 20 200 
[-624024409;25846] [-1511903286;-2076028908] [0;50] [-50;5] 
ZN 6 MANAC'H 
[-624024409;25846] [-1511903286;-2076028908] [150;-100] [150;-200] [150;-261] 
